    2    4   51   43   19 BARPOL.DAT Cross sections for neutron,proton,pi-,pi+ 
       14       15       16       17       18       19       20       22
       25       27       30       33       35       37       40       45
       50       55       60       65       70       80       90      100
      120      140      150      160      180      200      250      300
      350      400      500      600      700      800      900     1000
     1500     2000     3000     5000     7000    10000    20000    50000
   100000   500000  1000000
       20       40       50       60       70       80       90      100
      110      120      130      140      150      160      170      180
      190      200      220      240      250      260      280      300
      350      400      450      500      550      600      700      800
      900     1000     2000     3000     5000    10000    20000    50000
   100000   500000  1000000
 10900000 10200005  9670007  9150010  8760013  8380016  8000020  7100035
  6400055  6000070  5600080  5400085  5000090  4700097  4400105  3900115
  3600115  3270107  2950100  2750095  2560090  2200086  1920084  1680084
  1360082  1200080  1160080  1140080  1100080  1070079  1040078  1060080
  1080084  1100088  1200094  1260100  1350105  1400108  1440108  1460108
  1480112  1520114  1500114  1460112  1420110  1380108  1320106  1290104
  1260101  1270102  1280102        2        1
 14900650 14600640 14300628 14000617 13830610 13660603 13500595 12700555
 12000520 11600495 11000470 10500450 10000430  9550407  9100385  8100350
  7400320  6820285  6250270  6000260  5750250  4550210  4060190  3650185
  3100178  2750175  2620175  2550175  2400175  2350175  2250170  2250170
  2300172  2380176  2520184  2700194  2820200  2880209  2900213  2940214
  3030216  3030216  3000212  2920210  2840210  2770210  2670210  2630210
  2640210  2680210  2680210        4        1
 12400590 13700570 14100556 14500542 14520531 14540520 14550510 14450500
 13850460 13450445 12900430 12500412 12100395 11600387 11100380 10200350
  9400330  8700312  8000295  7500282  7000270  6040255  5300240  4750228
  3960222  3500216  3360216  3200210  3030210  2940210  2800208  2800210
  2860214  2960216  3140228  3300240  3440248  3560254  3600257  3640260
  3840262  3880260  3840256  3640252  3520252  3440250  3300250  3240248
  3240248  3320248  3320248        6        1
 14200680 14800665 15080645 15370625 15410610 15460595 15500580 15250562
 15000525 14800510 14250485 13820467 13400450 13000442 12600435 11750410
 10900387 10100364  9300340  8670325  8050310  6900290  6120280  5520276
  4620274  4020260  3840258  3720252  3500247  3450245  3260240  3240240
  3280244  3360250  3560260  3720268  3880275  4000280  4080285  4150290
  4300295  4350300  4320294  4150292  4020290  3900285  3750285  3670282
  3700282  3820282  3850282        7        1
 15200750 15700740 16000720 16300700 16400683 16500667 16600650 16470620
 16230575 15950555 15550530 15150517 14750505 14350484 13950462 12900435
 12070420 11210397 10350375  9750360  9250345  8160320  7200310  6450300
  5400293  4620288  4380282  4150282  3920280  3780276  3620270  3610271
  3810275  3900280  4030290  4170295  4400304  4600310  4700315  4790318
  4980332  5040335  4980330  4770323  4570320  4430317  4270315  4200315
  4250315  4290315  4300315        8        1
 15700960 16200930 16550910 16900890 17030867 17160845 17300822 17500790
 17600750 17550725 17400686 17250653 17100620 16760610 16430600 15600575
 14800540 14110518 13430497 12810473 12200450 10730414  9530390  8600380
  7200372  6180364  5820360  5460355  5220354  5040350  4840350  4920350
  5000356  5120364  5380384  5600392  5860400  6080408  6220410  6320420
  6600408  6680412  6640420  6400414  6160409  5960407  5680403  5680400
  5680400  5680400  5680400       11        1
 17351000 17500990 17600975 17950950 18070935 18190920 18300905 18550875
 18850825 18960800 19000762 18850726 18700690 18520671 18350652 17850610
 17100570 16160532 15220495 14380487 13500480 12120456 10800444  9720432
  8160420  7200420  6780420  6420420  6000410  5670410  5580400  5600402
  5780404  5920408  6160424  6440438  6720448  6880450  7080454  7200456
  7360472  7540480  7360466  7060456  6800452  6720448  6460444  6320440
  6320440  6320440  6320440       13        1
 18101060 18331035 18501015 18720990 18880972 19040954 19200935 19500900
 19950860 20200830 20350790 20170758 20000725 19650695 19300665 18500630
 17600600 16650560 15700520 14850512 14000504 12550486 11100470 10080456
  8460444  7420432  6960432  6710432  6230418  5880418  5840415  5840412
  6020416  6180422  6450440  6790460  7080472  7270476  7460479  7570480
  7690492  7820492  7710488  7340472  7100472  6980464  6720460  6550452
  6500448  6500448  6500448       20        1
 21801240 21301225 20951200 20751180 20621162 20751144 21151125 21501090
 22201045 22501020 23000980 23320952 23650925 23670902 23600880 22800825
 21800770 20900725 20000680 19020660 18050640 16500620 15000615 13400600
 11400580  9900565  9400560  8900560  8250560  7900550  7700536  7730530
  7870540  8000550  8300570  8700595  9050610  9300615  9500620  9650622
  9900629 10020630  9900620  9650612  9450607  9250592  8920587  8600580
  8600580  8600580  8600580       22        1
 23401270 23001255 22381242 22051235 21971217 21891199 21801180 22001160
 22351180 22671090 23181050 23491027 23801005 24150992 24500980 24000930
 23300880 22450830 21700800 20950780 20200760 18600730 16950715 15400705
 13100685 11500680 10850665 10450660  9700645  9400630  9100620  9150620
  9270620  9330625  9750650 10100670 10300680 10550687 10700695 11900700
 11200710 11330720 11220712 11000705 10800695 10650690 10400680 10200675
 10120670 10100670 10100670       26        1
 25801440 24901433 24301411 23701390 23411368 23111347 22821325 22751280
 22851260 23201215 23701180 24071145 24451110 24651075 24851040 25300990
 25400955 25170920 24800885 23850860 22900835 21100800 19400780 17900765
 15100750 12900725 12200720 11500720 10700710 10300700 10130700 10200700
 10300712 10430724 10750735 11100750 11330765 11630775 11850780 12250795
 12520810 12600813 12600810 12330784 12070757 11850743 11400735 11100720
 11100720 11100720 11100720       29        1
 29201540 28001535 27071517 26151500 25251463 25701481 24801445 24551407
 24301380 24401330 24601300 24951285 25301270 25721230 26151190 26901090
 27201010 27000940 26450920 25720890 25000860 23200835 21400820 19700810
 16700800 14600780 13800775 12850770 12000760 11600760 11400758 11470765
 11630765 11700770 12000795 12370810 12650825 12850830 13050840 13280848
 13750870 13930872 13900870 13600845 13350825 13150810 12700803 12300795
 12300975 12300975 12300795       35        1
 35501670 33701650 32451625 31201600 30521580 29831560 29151540 28501500
 27421460 27001430 27001400 27201360 27271340 28001270 29301200 30001145
 30201100 29701060 28501027 28121023 27751020 26700990 25050975 23250960
 20000935 17700915 16500900 15900900 14600880 14100870 14000865 14100865
 14300872 14650890 15000920 15200950 15400960 15500970 15600975 16380965
 16501000 16351005 16001000 15800990 15700975 15300965 15000960 14900955
 14850955 14850955 14850955       42        1
 41501790 40401775 39201757 38001740 36971720 35931700 34901680 33001640
 30601580 29601550 28451510 27851460 28201440 28501418 29801380 31701330
 32301280 32551240 32801200 32521177 32251155 30751140 28951110 27101110
 23551080 20601065 19251050 18001050 16301025 15601020 15401015 15501020
 15701022 15901026 16501060 16851085 17151100 17401110 17601120 17801127
 18501150 18801160 18581140 18151100 17901085 17821080 17201070 16901070
 16901070 16901070 16901070       48        1
 44201920 42801910 42251895 41701880 40701860 39651850 38601840 36801800
 34201760 32801720 31251675 30601630 30801600 31351500 31901520 33501465
 34451420 35101390 35401340 35601310 35501280 34601275 33001235 30301225
 26401200 23401170 21901170 20701170 19501165 17701145 17321140 17401140
 17601135 17801160 18321180 18851220 19251240 19451250 19601260 19801265
 20701270 20801275 20651250 20401222 20221222 19801220 19401215 18701190
 18701190 18701190 18701190       50        1
 49802160 50002150 49352135 48702120 47202100 45852080 44502060 42002025
 39301970 37901935 36651880 35601830 35001800 35141762 35251725 35701670
 36401610 37201575 37801540 38501510 39201490 38001460 36701440 35001400
 30801385 27301375 26001360 24801350 22801340 21401345 20751325 20901325
 21001330 21251345 21801370 22301400 22651420 22851430 23151435 23251440
 23951455 24251465 24001445 23601440 23451435 23251430 22851420 22301405
 22251400 22251400 22251400       56        1
 53202440 54302400 54552385 54802370 54502350 53902330 53302310 51902270
 49602220 47902195 45502150 43402100 42002070 41352040 40702010 40001945
 40301900 41251850 42201820 43051790 43901760 44401730 43601720 42001680
 38001680 33801660 32001660 30401650 27901650 26601640 25751640 25751612
 26001615 26401625 26901640 27551700 27901720 28121730 28371740 28501750
 29501780 30001780 29701750 29401740 29101735 28801710 28201695 27301680
 27301680 27301680 27301680       74        1
 53002580 54402550 55802527 57202505 57002483 58802462 57652460 57452435
 54802380 52802355 49702280 47602230 45502180 44702175 43902170 43002130
 42652080 43252035 44501980 44951960 45401940 47401900 47101870 46001840
 41001800 36601800 34801800 33001780 30001760 28901760 28651740 28551730
 28551730 28651740 29201785 29551815 30001835 30301860 30601890 31051895
 32401920 32901920 32701890 32401850 31801835 30901830 30601830 29701830
 29701830 29701830 29701830       82        1
 58002820 59402770 60502735 61602700 62522680 63452660 63602645 63502620
 61702580 60202550 57602515 55552482 53502450 51702420 49902390 48002320
 47102260 46902225 47602200 49002170 50402140 51902080 52002060 50802040
 46002000 41201980 39201965 37201960 34201930 32401920 31501890 31601905
 31801920 32101945 32401970 32801985 33502010 33902040 34352070 34802080
 35602090 35852095 35802080 35402063 35002060 34702050 34102040 33352005
 33352005 33352005 33352005       92        1
 10900000 10200002  9670002  9150003  8760006  8380009  8000013  7100030
  6400050  6000065  5600077  5400083  5000090  4700097  4400105  3900115
  3600115  3270107  2950100  2750095  2560090  2200086  1920084  1680084
  1360082  1200080  1160080  1140080  1100080  1070079  1040078  1060080
  1080084  1100088  1200094  1260100  1350105  1400108  1440108  1460108
  1480112  1520114  1500114  1460112  1420110  1380108  1320106  1290104
  1260101  1270102  1280102        2        2
 14900490 14600540 14300560 14000580 13830568 13660556 13500545 12700525
 12000495 11600470 11000450 10500435 10000420  9550395  9100370  8100340
  7400310  6820286  6250262  6000252  5750242  4550205  4060185  3650180
  3100175  2750172  2620175  2550175  2400175  2350175  2250170  2250170
  2300172  2380176  2520184  2700194  2820200  2880209  2900213  2940214
  3030216  3030216  3000212  2920210  2840210  2770210  2670210  2630210
  2640210  2680210  2680210        4        2
 12400310 13700330 14100365 14500400 14520413 14540427 14550440 14450450
 13850435 13450430 12900420 12500402 12100385 11600377 11100370 10200340
  9400320  8700304  8000288  7500275  7000263  6040249  5300234  4750222
  3960216  3500210  3360211  3200205  3030208  2940210  2800208  2800210
  2860214  2960216  3140228  3300240  3440248  3560254  3600257  3640260
  3840262  3880260  3840256  3640252  3520252  3440250  3300250  3240248
  3240248  3320248  3320248        6        2
 14200420 14800440 15080455 15370470 15410476 15460483 15500490 15250497
 15000500 14800480 14250462 13820451 13400440 13000432 12600425 11750400
 10900377 10100355  9300333  8670318  8050303  6900248  6120274  5520270
  4620268  4020254  3840252  3720247  3500245  3450245  3260240  3240240
  3280244  3360250  3560260  3720268  3880275  4000280  4080285  4150290
  4300295  4350300  4320294  4150292  4020290  3900285  3750285  3670282
  3700282  3820282  3850282        7        2
 15200460 15700485 16000497 16300510 16400518 16500526 16600535 16470537
 16230532 15950520 15550500 15150480 14750460 14350446 13950432 12900405
 12070390 11210370 10350350  9750335  9250320  8160310  7200304  6450293
  5400287  4620283  4380279  4150279  3920278  3780276  3620270  3610271
  3810275  3900280  4030290  4170295  4400304  4600310  4700315  4790318
  4980332  5040335  4980330  4770323  4570320  4430317  4270315  4200315
  4250315  4290315  4300315        8        2
 15700600 16200617 16550639 16900660 17030665 17160670 17300675 17500680
 17600680 17550670 17400650 17250612 17100575 16760562 16430550 15600525
 14800490 14110470 13430450 12810435 12200420 10730385  9530367  8600360
  7200350  6180350  5820350  5460345  5220347  5040350  4840350  4920350
  5000356  5120364  5380384  5600392  5860400  6080408  6220410  6320420
  6600408  6680412  6640420  6400414  6160409  5960407  5680403  5680400
  5680400  5680400  5680400       11        2
 17350650 17500682 17600690 17950715 18070727 18190739 18300750 18550762
 18850750 18960740 19000720 18850687 18700655 18520636 18350617 17850575
 17100540 16160505 15220470 14380462 13500455 12120432 10800420  9720408
  8160400  7200403  6780403  6420408  6000406  5670404  5580400  5600402
  5780404  5920408  6160424  6440438  6720448  6880450  7080454  7200456
  7360472  7540480  7360466  7060456  6800452  6720448  6460444  6320440
  6320440  6320440  6320440       13        2
 18100670 18330700 18500725 18720750 18880760 19040770 19200780 19500780
 19950770 20200757 20350735 20170712 20000690 19650657 19300635 18500585
 17600570 16650430 15700490 14850483 14000475 12550460 11100446 10080431
  8460423  7420425  6960425  6710425  6230425  5880422  5840422  5840412
  6020416  6180422  6450440  6790460  7080472  7270476  7460479  7570480
  7690492  7820492  7710488  7340472  7100472  6980464  6720460  6550452
  6500448  6500448  6500448       20        2
 21800770 21300800 20950823 20750850 20620866 20750883 21150900 21500925
 22200935 22500920 23000895 23320865 23650835 23670817 23600800 22800750
 21800715 20900677 20000640 19020622 18050605 16500590 15000588 13400573
 11400553  9900540  9400535  8900540  8250543  7900535  7700520  7730517
  7870530  8000542  8300568  8700595  9050610  9300615  9500620  9650622
  9900629 10020630  9900620  9650612  9450607  9250592  8920582  8600580
  8600580  8600580  8600580       22        2
 23400840 23000915 22380950 22050980 21970996 21891012 21801028 22001030
 22351020 22671005 23180975 23490947 23800920 24150902 24500895 24000860
 23300825 22450790 21700760 20950740 20200720 18600690 16950685 15400680
 13100680 11500645 10850640 10450625  9700615  9400600  9100600  9150600
  9270602  9330605  9750643 10100670 10300680 10550687 10700695 11900700
 11200710 11330720 11220712 11000705 10800695 10650690 10400680 10200675
 10120670 10100670 10100670       26        2
 25800900 24900960 24301015 23701070 23411077 23111083 22821090 22751115
 22851120 23201115 23701080 24071052 24451025 24650992 24850960 25300900
 25400885 25170865 24800795 23850782 22900770 21100740 19400720 17900710
 15100700 12900675 12200680 11500682 10700683 10300685 10130685 10200688
 10300700 10430712 10750725 11100742 11330757 11630770 11850780 12250795
 12520810 12600813 12600810 12330784 12070757 11850743 11400735 11100720
 11100720 11100720 11100720       29        2
 29200935 28001000 27071030 26151060 25251103 25701146 24801190 24551220
 24301250 24401240 24601210 24951170 25301130 25721095 26151060 26900980
 27200930 27000870 26450860 25720830 25000800 23200765 21400760 19700750
 16700750 14600730 13800725 12850720 12000720 11600730 11400733 11470745
 11630747 11700755 12000780 12370800 12650818 12850825 13050835 13280845
 13750870 13930872 13900870 13600845 13350825 13150810 12700803 12300795
 12300975 12300975 12300795       35        2
 35501000 33701070 32451120 31201170 30521210 29831250 29151290 28501330
 27421340 27001330 27001305 27201260 27271240 28001165 29301110 30001060
 30201015 29700970 28500935 28120933 27750932 26700930 25050915 23250900
 20000880 17700870 16500855 15900855 14600840 14100830 14000830 14100840
 14300855 14650880 15000915 15200938 15400948 15500960 15600965 16380955
 16500995 16351005 16001000 15800990 15700975 15300965 15000960 14900955
 14850955 14850955 14850955       42        2
 41501025 40401080 39201135 38001190 36971253 35931316 34901380 33001440
 30601470 29601450 28451410 27851360 28201340 28501318 29801280 31701230
 32301180 32551140 32801100 32521090 32251080 30751065 28951050 27101050
 23551010 20601005 19251000 18001000 16300982 15600980 15400975 15500985
 15701092 15901000 16501037 16851065 17151085 17401095 17601108 17801117
 18501145 18801160 18581140 18151100 17901085 17821080 17201070 16901070
 16901070 16901070 16901070       48        2
 44201020 42801100 42251162 41701225 40701290 39651365 38601440 36801520
 34201575 32801560 31251518 30601460 30801420 31351410 31901400 33501365
 34451320 35101245 35401245 35601215 35501185 34601185 33001155 30301145
 26401120 23401100 21901100 20701110 19501105 17701190 17321185 17401190
 17601100 17801125 18321150 18851195 19251220 19451235 19601245 19801250
 20701260 20801270 20651250 20401222 20221222 19801220 19401215 18701190
 18701190 18701190 18701190       50        2
 49801060 50001170 49351245 48701320 47201380 45851437 44501495 42001580
 39301660 37901680 36651665 35601635 35001610 35141585 35251560 35701535
 36401500 37201460 37801430 38501390 39201375 38001345 36701337 35001335
 30801315 27301305 26001320 24801310 22801285 21401280 20751275 20901280
 21001229 21251310 21801340 22301380 22651400 22851410 23151415 23251430
 23951445 24251458 24001440 23601440 23451435 23251430 22851420 22301405
 22251400 22251400 22251400       56        2
 53200910 54301020 54551130 54801240 54501400 53901480 53301560 51901670
 49601760 47901830 45501850 43401870 42001870 41351855 40701840 40001780
 40301760 41251740 42201700 43051675 43901650 44401610 43601600 42001600
 38001570 33801563 32001560 30401550 27901550 26601545 25751547 25751555
 26001560 26401580 26901600 27551620 27901685 28121700 28371710 28501725
 29501760 30001767 29701745 29401740 29101735 28801710 28201695 27301680
 27301680 27301680 27301680       74        2
 53000800 54401060 55801130 57201200 57001290 58801420 57651515 57451620
 54801750 52801800 49701915 47601972 45502030 44701995 43901960 43001910
 42651850 43251815 44501770 44951750 45401730 47401722 47101718 46001718
 41001680 36601680 34801675 33001675 30001650 28901640 28651640 28551645
 28551645 28651665 29201710 29551750 30001780 30301815 30601850 31051865
 32401900 32901905 32701885 32401850 31801835 30901830 30601830 29701830
 29701830 29701830 29701830       82        2
 58000680 59400900 60501000 61601100 62521200 63451300 63601410 63501510
 61701680 60201650 57601900 55551950 53502200 51701985 49901970 48001930
 47101900 46901880 47601880 49001877 50401875 51901870 52001860 50801840
 46001840 41201815 39201800 37201790 34201790 32401780 31501790 31601815
 31801840 32101860 32401890 32801920 33501950 33901990 34352030 34802080
 35602070 35852078 35802070 35402063 35002060 34702050 34102040 33352005
 33352005 33352005 33352005       92        2
   400018   700038   890050  1080062  1300080  1520098  1800117  2080136
  2420156  2760176  2980188  3200200  3290209  3330212  3300210  3280208
  3220204  3100196  2880176  2600164  2500157  2400150  2160134  1960124
  1440097  1250090  1120085  1080082  1090083  1100086  1170093  1230097
  1280100  1350102  1100083   960077   870075   850074   830072   830072
   830072   830072   830072        2        3
  1500090  2100126  2520151  2940177  3450208  3960240  4580280  5200320
  5600350  6000380  6230400  6350410  6420414  6400410  6300400  6150387
  6000371  5760360  5400333  5040312  4870298  4700285  4350260  4000237
  3400216  2940198  2580187  2360182  2300180  2330182  2440187  2570193
  2700202  2760207  2500179  2300172  2150165  2050159  1940155  1880154
  1860154  1860154  1860154        4        3
  2040128  2600160  3130192  3660224  4410269  5170315  5730351  6300388
  6620409  6940430  7040438  7100444  7110445  7060440  6940432  6760416
  6620408  6480400  6160380  5840354  5660337  5480320  5180304  4890288
  4260264  3760246  3420240  3230233  3100232  3130234  3190238  3330246
  3420252  3480256  3100220  2900210  2680198  2500187  2450183  2370176
  2340174  2340174  2340174        6        3
  2460155  3080188  3660222  4240256  5070308  5900360  6600408  7290456
  7760492  8000512  8210526  8220526  8170520  7970505  7780491  7680475
  7480462  7280450  6900425  6540396  6340386  6150376  5840360  5560340
  4800300  4300282  3930270  3730265  3670265  3700268  3750273  3880280
  3900288  3970288  3640256  3370237  3100226  2910218  2750208  2680202
  2680202  2680202  2680020        7        3
  2800190  3600207  4300253  5000300  5920360  6850420  7480460  8120500
  8360520  8610540  8650545  8700550  8670546  8650542  8500531  8350520
  8170505  8000490  7550460  7270443  7000427  6800415  6400387  6000360
  5370339  4930321  4680314  4410312  4380313  4360314  4430319  4490324
  4600328  4630330  4320300  3850275  3500250  3250240  3120229  3070225
  3030222  3030222  3030222        8        3
  4500275  5450315  6250364  7050413  8070479  9100545  9650582 10200620
 10470640 10750660 10810665 10870670 10830666 10800662 10610646 10420630
 10190611  9870593  9430570  9040544  8850520  8650518  8280491  7900465
  7000420  6500410  6100395  5850390  5800395  5750400  5850410  5950418
  6000420  6100422  5560372  5240348  4940330  4580320  4450310  4290294
  4270292  4270292  4270292       11        3
  5320300  6370360  7340427  8320495  9440580 10570665 11320712 12070750
 12180757 12300765 12200757 12100750 11920740 11740730 11530715 11330700
 11140680 10950660 10380615 10010591  9700570  9610567  9270544  8900520
  8070490  7500470  7100450  6750448  6700449  6650450  6700450  6730452
  6780456  6820460  6180408  5740392  5460376  5200356  5070347  4950338
  4880332  4880332  4880332       13        3
  8000470  9800550 11100585 12400620 13500740 14600860 15150907 15700955
 15850967 16000980 15900970 15800960 15570940 15350920 15050890 14750860
 14500840 14250820 13750780 13270756 12950740 12720725 12360695 12000665
 10830637 10000615  9480600  9150590  9050590  8950590  9000600  9080608
  9150610  9220615  8550550  7950525  7400510  7050488  6820470  6600450
  6600450  6600450  6600450       20        3
 11000540 12100620 13400715 14700810 15770890 16850970 17321017 17801065
 17951070 18101075 17921067 17751060 17571047 17401035 17101007 16800980
 16400960 16000940 15400900 14900867 14600825 14400835 13900803 13400770
 12200720 11350690 10850675 10400670 10380668 10350665 10400670 10500680
 10600685 10650690  9650610  9400600  8900585  8500560  8200550  8050535
  8000530  8000530  8000530       22        3
 11750625 13630725 15160817 16700910 18101045 19501180 20001227 20501275
 20451262 20401250 20071225 19751200 19301175 18861150 18601125 18341100
 18031070 17731040 17200995 16660945 16350925 16020905 15380865 14740825
 13800810 12690780 12250760 11820745 11620740 11590740 11620740 11780750
 11900760 11970765 11020690 10350660  9750635  9450615  9250600  9050585
  9050585  9050585  9050585       26        3
 14000725 16000840 17370930 18751020 19811110 20881200 21441247 22001295
 22101297 22201300 21971283 21751267 21501253 21251240 21001226 20751213
 20431194 20121175 19501125 18921059 18551042 18181022 17440986 16700950
 15300900 14300860 13700840 13150830 13150832 13150835 13300840 13450850
 13600860 13650865 12500785 11850735 11280705 10700680 10350650 10100630
 10100630 10100630 10100630       29        3
 18900810 21150990 22271087 23401185 24401280 25001350 25501410 25651450
 25651475 25651500 25421492 25201485 24901462 24601440 24221417 23851395
 23471362 23101330 22101275 19981224 29851200 19721176 10461128 19201080
 17851035 16801000 16050970 15500960 15500960 15500960 15530960 15650970
 15750975 15900985 14800905 14250873 13550835 13050810 12700780 12500765
 12450763 12450763 12450763       35        3
 24300925 26101125 27001250 27901375 28801500 29401600 29651680 29701750
 29701760 29701770 29451750 29201730 28801695 28401660 27801620 27201580
 26451540 25701500 25001450 23981346 23651330 23321314 22661282 22001250
 20501190 19261140 18251100 17681075 17581075 17491075 17501070 17781088
 17891095 18081110 16901035 16451005 15300940 14920917 14500880 14250860
 14250860 14250860 14250860       42        3
 30001050 31811350 32501420 33001650 33801800 34101980 34702070 34502120
 34302105 34102090 33802070 33502050 33152015 32801980 32401950 32001920
 31601875 31201830 30501770 29521704 29001670 28461636 27381568 26301500
 25001435 23251350 21901300 21001230 20601220 20551235 20551235 20551235
 20671237 20851240 20001160 19001120 18351090 17701065 17201040 17001020
 16951015 16951015 16951015       48        3
 30601025 31251275 31701440 32201625 32551740 32801800 32901880 32601920
 32651950 32701980 32351950 32001920 31601885 31201850 31001830 30801810
 30851765 30901720 29201650 28441585 28101560 27761538 27081494 26401450
 23621330 22301290 21151245 20501210 20351205 20201200 20251200 20401205
 20701205 21001230 19001130 17951085 17401060 16751000 16450985 16250975
 16200970 16200970 16200970       50        3
 36501120 37501520 37651680 37901880 38002040 38002140 38002200 38002250
 37802260 37602270 37202235 36802200 36402180 36002160 35472115 34952070
 34352005 33751960 32801880 31711812 31201775 30731746 29791688 28851630
 27001540 25351470 24201425 23451385 23151375 23051380 23061385 23201390
 23351395 23501400 22351305 21501265 20801235 20101195 19651170 19401150
 19351150 19351150 19351150       56        3
 52001450 50151850 50252100 49752350 49002550 48502700 47802825 47252900
 46622875 46002850 45452800 44902750 44222690 43552630 43052576 42552525
 41902462 41252400 40402300 38702226 38302200 37802174 36802122 35802070
 33301880 31101770 29551715 28601680 28521680 28451680 28851685 29001690
 29151700 29401720 28001635 26601560 25801530 24901460 24601440 24251410
 24201410 24201410 24201410       74        3
 58901575 57002025 56102300 55802575 55502850 54803000 54003115 53003180
 52003130 51003080 50153005 49302930 48402865 47502800 46752735 46002670
 45002610 44002550 42802450 42212400 41702370 41192340 40172280 39152220
 36502110 34702000 32601920 31501880 31201850 30701800 30851805 31001810
 31201820 31601840 30701800 29301720 28201640 27501620 27101570 26551530
 26401530 26401530 26401530       82        3
 70801740 68302220 66502500 65302820 64003080 62803300 61003420 58403500
 57503460 56603420 55903375 55203330 54253265 53303200 52453130 51603060
 50753000 49902940 48102850 46902758 46302710 45682662 44452566 43232470
 41302380 38702250 37002160 35502080 34902040 34652045 34672047 34752050
 34952055 35152060 34402010 33601980 31501830 30401780 29851735 29551710
 29401700 29401700 29401700       92        3
   400018   700038   890050  1080062  1300080  1520098  1800117  2080136
  2420156  2760176  2980188  3200200  3290209  3330212  3300210  3280208
  3220204  3100196  2880176  2600164  2500157  2400150  2160134  1960124
  1440097  1250090  1120085  1080082  1090083  1100086  1170093  1230097
  1280100  1350102  1100083   960077   870075   850074   830072   830072
   830072   830072   830072        2        4
   960060  1500095  1860118  2220142  2710168  3200194  3750228  4300262
  4720290  5140319  5450345  5650361  5740364  5740364  5640354  5520350
  5350330  5220319  4900298  4620280  4470269  4320258  3980237  3670216
  3140200  2760198  2480183  2320182  2300180  2330182  2440187  2570193
  2700202  2760207  2500179  2300172  2150165  2050159  1940155  1880154
  1860154  1860154  1860154        4        4
  1400094  1920132  2430158  2940184  3610222  4280260  5110315  5940370
  6280389  6620408  6780420  6850426  6880428  6840424  6720416  6560400
  6430393  6300386  5980366  5670340  5500324  5330308  5040294  4740280
  4160257  3690241  3360236  3190231  3100232  3130234  3190238  3330246
  3420252  3480256  3100220  2900210  2680198  2500187  2450183  2370176
  2340174  2340174  2340174        6        4
  1500090  2120140  2700174  3280208  4140252  5000300  5900363  6800426
  7350467  7620490  7810504  7820504  7790500  7630487  7480474  7400460
  7230448  7060437  6720413  6330381  6160373  6000365  5690350  5410330
  4670292  4190276  3850267  3680263  3640264  3680267  3750273  3880280
  3900288  3970288  3640256  3370237  3100226  2910218  2750208  2680202
  2680202  2680202  2680202        7        4
  1700100  2400145  3150292  3900240  4800290  5700340  6550405  7400470
  7790494  8180518  8240524  8300530  8260526  8220522  8110513  8000505
  7820491  7650477  7250448  7000430  6750412  6610404  6230337  5850350
  5250330  4830316  4580310  4440308  4450309  4470311  4530317  4490324
  4600328  4630330  4320300  3850275  3500250  3250240  3120229  3070225
  3030222  3030222  3030222        8        4
  2100115  3200210  4250275  5300340  6620417  7950495  8770540  9600585
  9970607 10350630 10420637 10500645 10450641 10400637 10230621 10070605
  9820588  9570572  9180550  8820526  8650505  8460502  8090478  7730455
  6850410  6360401  5980388  5750383  5700388  5650393  5780405  5900414
  5980418  6100422  5560372  5240348  4940330  4580320  4450310  4290294
  4270292  4270292  4270292       11        4
  2250120  3500238  4820314  6150390  7800500  9450610 10330661 11220712
 11480723 11750735 11660727 11570720 11420711 11280703 11080679 10880655
 10660645 10450635  9880590  9580569  9350550  9290547  9000526  8700505
  7870475  7300455  6900438  6600440  6560442  6520445  6600445  6680450
  6780456  6820460  6180408  5740392  5460376  5200356  5070347  4950338
  4880332  4880332  4880332       13        4
  2750160  4450315  5670407  7900500  9920622 11950745 13170807 14400870
 14620887 14850905 14800902 14750900 14550880 14350860 14100835 13850810
 13600790 13350770 12950740 12620724 12450710 12280696 11940668 11600640
 10500617  9700595  9230585  8950575  8860575  8770575  8870590  8970600
  9040602  9130608  8550550  7950525  7400510  7050488  6820470  6600450
  6600450  6600450  6600450       20        4
  3100193  5100365  7100487  9100610 11150725 13200840 14670902 16150965
 16370982 16601000 16550997 16500995 16320985 16150975 15920955 15700935
 15400907 15100880 14600840 14200815 13800780 13700788 13200761 12800735
 11800690 11000665 10550660 10150655 10130653 10100650 10150655 10350670
 10450675 10550680  9600610  9400605  8900585  8500560  8200550  8050535
  8000530  8000530  8000530       22        4
  3300210  5750410  7920558 10100707 12550858 15001010 16681067 18371125
 18561137 18751150 18451125 18201100 17851085 17511070 17211040 16911010
 16630985 16360960 15900920 14620812 14500775 14400776 14180778 13960780
 13050760 12190750 11900740 11480720 11380725 11340725 11440730 11630740
 11750750 11830755 10980690 10350660  9750635  9450615  9250600  9050585
  9050585  9050585  9050585       26        4
  3550230  6050425  8370602 11200780 13750904 16301025 17851090 19401155
 19701172 20101190 20101190 20101190 19951185 19801180 19521152 19251125
 19101112 18951100 18301050 17591020 17301000 17010980 16430940 15850900
 14900870 14000835 13400815 12900810 12900812 12900815 13100825 13300840
 13450850 13500855 12400780 11850735 11280705 10700680 10350650 10100630
 10100630 10100630 10100630       29        4
  3750245  6650480  9700680 12750880 17401030 19601140 21001200 21901275
 22301312 22701350 22801355 22901360 22701340 22501320 22201305 21901290
 21551260 21201230 20601215 19721140 19501120 19261100 18781060 18301020
 17100985 16200960 15600940 15100930 15110931 15120932 15150935 15400955
 15550960 15650968 14700900 14250873 13550835 13050810 12700780 12500765
 12450763 12450763 12450763       35        4
  4100270  7300540 11300757 15300975 19201140 22001285 23851400 25201480
 25601517 26001555 26151567 26301580 26021552 25751525 25221552 24701470
 23951415 23201360 22851340 22091284 21851255 21571236 21051198 20531160
 19451120 18521085 17761060 17191045 17151045 17101045 17161045 17461065
 17591075 17781090 16751025 16451005 15300940 14920917 14500880 14250860
 14250860 14250860 14250860       42        4
  4650315  8000590 12000880 17601220 21701460 24801580 27301700 28851770
 29271990 29701810 29751810 29801810 29751805 29701800 29301765 28901730
 28651705 28401680 27901630 26541556 26201530 25861504 25181452 24501400
 23351335 22051270 20801210 20201180 20101190 19901190 19901190 20151205
 20301210 20451210 19801150 18901115 18351090 17701065 17201040 17001020
 16951015 16951015 16951015       48        4
  4550310  7800580 11700880 17001060 21201270 24001400 26001530 27201610
 27701635 28201660 28301670 28401680 28201660 28001640 27801620 27601600
 27401580 27201560 26401500 25871450 25601430 25381410 24941370 24501330
 22521280 21301230 20351200 19851180 19771175 19701170 19751175 20051180
 20351180 20701210 18801120 17851080 17401060 16751000 16450985 16250975
 16200970 16200970 16200970       50        4
  4720320  8600640 13700960 19801280 24601550 27401680 29701800 31001870
 31501895 32001920 32101925 32201930 32101910 32001890 31621872 31251855
 30851822 30451790 29751725 28931678 28551650 28111624 27531572 26851520
 25251445 24001390 23001350 22501325 22351330 22201330 22351335 22651350
 22851360 23001365 22151295 21351260 20751230 20101195 19651170 19401150
 19351150 19351150 19351150       56        4
  9000680  9000680 15000990 23501500 30201850 34202150 36502250 37752300
 38252325 38752350 38542340 38302330 38302355 37502280 37252255 37002230
 36352215 36302200 35502120 35502126 35502130 34982084 33941992 32901900
 30701780 28901670 28401635 27301600 27251603 27201605 27701610 28051615
 28281630 28651660 27701620 26401550 25701525 24901460 24601440 24251410
 24201410 24201410 24201410       74        4
  5150348  9400707 15001040 24001650 32702100 37502400 40502580 41402640
 42002645 42602650 42302585 42002520 41402465 40802410 40352370 39902330
 39452290 39002250 38102190 37722156 37302130 36882104 36042052 35202000
 33701930 31861870 31101830 30101790 29901770 29851765 30051775 30201780
 30401790 30801800 30201775 29051710 27901620 22501620 27101570 26551530
 26401530 26401530 26401530       82        4
  4850334  9600720 15801020 27001560 35502100 40502300 43202550 44202700
 45202790 46202880 46402880 46602880 46202820 45802760 45252710 44702660
 44702605 43502550 42952510 42452462 41872430 41372398 40372334 39382270
 37552130 35732060 34502000 33421970 33101950 32951950 33101960 33301960
 33751970 34051980 33501950 33381978 31351830 30401780 29851735 29551710
 29401700 29401700 29401700       92        4
***************** end of BARPOL.DAT **************************************
